image_width: 640
image_height: 480
camera_name: 000a4701120ac459
camera_matrix:
  rows: 3
  cols: 3
  data: [774.383550, 0.000000, 299.160409, 0.000000, 776.033440, 252.948323, 0.000000, 0.000000, 1.000000]
distortion_model: plumb_bob
distortion_coefficients:
  rows: 1
  cols: 5
  data: [-0.192910, 0.107339, 0.000522, -0.001488, 0.000000]
rectification_matrix:
  rows: 3
  cols: 3
  data: [1.000000, 0.000000, 0.000000, 0.000000, 1.000000, 0.000000, 0.000000, 0.000000, 1.000000]
projection_matrix:
  rows: 3
  cols: 4
  data: [748.202637, 0.000000, 296.757374, 0.000000, 0.000000, 760.080444, 253.008775, 0.000000, 0.000000, 0.000000, 1.000000, 0.000000]
