image_width: 640
image_height: 480
camera_name: 00b09d0100bb87d5_right
camera_matrix:
  rows: 3
  cols: 3
  data: [467.048805, 0.000000, 324.925984, 0.000000, 467.897554, 235.654064, 0.000000, 0.000000, 1.000000]
distortion_model: rational_polynomial
distortion_coefficients:
  rows: 1
  cols: 8
  data: [0.021717, 0.524605, -0.003748, 0.001068, -1.194636, 0.316214, 0.587448, -1.449694]
rectification_matrix:
  rows: 3
  cols: 3
  data: [0.999561, 0.011660, -0.027246, -0.011516, 0.999919, 0.005460, 0.027307, -0.005144, 0.999614]
projection_matrix:
  rows: 3
  cols: 4
  data: [540.488273, 0.000000, 332.315620, -64.926281, 0.000000, 540.488273, 232.563185, 0.000000, 0.000000, 0.000000, 1.000000, 0.000000]

