image_width: 640
image_height: 480
camera_name: 00b09d0100bb87d5_left
camera_matrix:
  rows: 3
  cols: 3
  data: [453.330202, 0, 318.520572, 0, 452.930465, 252.495934, 0, 0, 1]
distortion_model: plumb_bob
distortion_coefficients:
  rows: 1
  cols: 8
  data: [0.017369, 1.885322, 0.005390, 0.002453, -0.582204, 0.343686, 1.851634, -0.182248]
rectification_matrix:
  rows: 3
  cols: 3
  data: [0.999406, 0.008369, -0.033438, -0.008559, 0.999948, -0.005530, 0.033390, 0.005813, 0.999425]
projection_matrix:
  rows: 3
  cols: 4
  data: [2988.985957, 0, 653.916103, 0, 0, 2988.985957, -362.665041, 0, 0, 0, 1, 0]
