image_width: 640
image_height: 480
camera_name: 00b09d0100bb87d5_right
camera_matrix:
  rows: 3
  cols: 3
  data: [454.163667, 0, 321.348288, 0, 454.208500, 254.058703, 0, 0, 1]
distortion_model: plumb_bob
distortion_coefficients:
  rows: 1
  cols: 8
  data: [-0.160889, 0.188305, 0.005417, 0.001233, -0.808047, 0.139877, 0.189066, -1.028826]
rectification_matrix:
  rows: 3
  cols: 3
  data: [0.999374, 0.002675, -0.035289, -0.002506, 0.999985, 0.004826, 0.035301, -0.004734, 0.999366]
projection_matrix:
  rows: 3
  cols: 4
  data: [575.662229, 0.000000, 372.393010, -68.999084, 0.000000, 575.662229, 252.123187, 0.000000, 0, 0, 1, 0]
