image_width: 640
image_height: 480
camera_name: 00b09d0100bb87d5_left
camera_matrix:
  rows: 3
  cols: 3
  data: [471.173288, 0, 324.198462, 0, 469.642837, 260.533606, 0, 0, 1]
distortion_model: plumb_bob
distortion_coefficients:
  rows: 1
  cols: 5
  data: [-0.321296, 0.160175, 0.004495, 0.001824, 0]
rectification_matrix:
  rows: 3
  cols: 3
  data: [0.999287, 0.008871, 0.036689, -0.008873, 0.999961, -0.000120, -0.036689, -0.000206, 0.999327]
projection_matrix:
  rows: 3
  cols: 4
  data: [437.547527, 0.000000, 306.932983, 0.000000, 0.000000, 437.547527, 261.627625, 0.000000, 0.000000, 0.000000, 1.000000, 0.000000]
