image_width: 640
image_height: 480
camera_name: 00b09d0100bb87d5_left
camera_matrix:
  rows: 3
  cols: 3
  data: [469.135414, 0.000000, 320.405542, 0.000000, 470.273550, 234.947294, 0.000000, 0.000000, 1.000000]
distortion_model: rational_polynomial
distortion_coefficients:
  rows: 1
  cols: 8
  data: [0.108475, 0.242359, -0.004911, 0.002625, -1.852878, 0.420427, 0.271701, -2.226245]
rectification_matrix:
  rows: 3
  cols: 3
  data: [0.999626, 0.011993, -0.024594, -0.012124, 0.999913, -0.005154, 0.024530, 0.005451, 0.999684]
projection_matrix:
  rows: 3
  cols: 4
  data: [540.488273, 0.000000, 332.315620, 0.000000, 0.000000, 540.488273, 232.563185, 0.000000, 0.000000, 0.000000, 1.000000, 0.000000]
