image_width: 640
image_height: 480
camera_name: 00b09d0100bb87d5_right
camera_matrix:
  rows: 3
  cols: 3
  data: [455.2831084430734, 0.0, 323.64754117936843, 0.0, 453.75886869011725, 230.87224027224576, 0.0, 0.0, 1.0]
distortion_model: rational_polynomial
distortion_coefficients:
  rows: 1
  cols: 8
  data: [0.09224682397346949, 0.8132882779512296, -0.0004117362522519911, -0.0007796500243923141, -0.24819269507272138, 0.42649608519993837, 0.8354280485349425, -0.12281950694253485]
rectification_matrix:
  rows: 3
  cols: 3
  data: [0.9998528417219545, 0.0011388839467917527, -0.017117179787800692, -0.0010305302197348035, 0.9999793861811593, 0.006337603665267183, 0.017124044732432984, -0.0063190312633769055, 0.999833404590932]
projection_matrix:
  rows: 3
  cols: 4
  data: [433.72538033056054, 0.0, 348.10570526123047, -52.05427071941112, 0.0, 433.72538033056054, 214.30324172973633, 0.0, 0.0, 0.0, 1.0, 0.0]
