image_width: 640
image_height: 480
camera_name: 00b09d0100bb87d5_left
camera_matrix:
  rows: 3
  cols: 3
  data: [457.013700027492, 0, 318.750014192804, 0, 456.337480397202, 257.467516610418, 0, 0, 1]
distortion_model: rational_polynomial
distortion_coefficients:
  rows: 1
  cols: 8
  data: [0.0411520004337333, 0.51913885590823, 0.00428751585525428, 0.00100455241573144, 0.565230347642255, 0.396730346321267, 0.305372752937693, 0.987325081399156]
rectification_matrix:
  rows: 3
  cols: 3
  data: [0.998942649563644, 0.00418079555762283, 0.0457832265275465, -0.0043151417170573, 0.999986668359974, 0.00283595738365592, -0.04577075960402, -0.00303051989360933, 0.998947372745154]
projection_matrix:
  rows: 3
  cols: 4
  data: [441.696073609332, 0, 312.55340385437, 0, 0, 441.696073609332, 246.026635169983, 0, 0, 0, 1, 0]