image_width: 640
image_height: 480
camera_name: 00b09d0100bb87d5_right
camera_matrix:
  rows: 3
  cols: 3
  data: [447.146284998159, 0, 321.095679130553, 0, 447.054782283034, 249.881947688997, 0, 0, 1]
distortion_model: rational_polynomial
distortion_coefficients:
  rows: 1
  cols: 8
  data: [-0.99192234442331, 0.228475727411622, 0.00703569183363456, 0.00055841693140712, 0.412964307181587, -0.654934723399426, -0.254517671013238, 0.721185533767929]
rectification_matrix:
  rows: 3
  cols: 3
  data: [0.999156392346701, 0.000429834999625233, 0.0410648130958662, -0.000309322980894523, 0.999995627447461, -0.00294098712215463, -0.041065897677012, 0.00292580379251343, 0.999152156440724]
projection_matrix:
  rows: 3
  cols: 4
  data: [441.696073609332, 0, 312.55340385437, -52.9139438111167, 0, 441.696073609332, 246.026635169983, 0, 0, 0, 1, 0]