image_width: 640
image_height: 480
camera_name: 00b09d0100bb87d5_right
camera_matrix:
  rows: 3
  cols: 3
  data: [455.933792, 0, 321.619741, 0, 454.701094, 253.185378, 0, 0, 1]
distortion_model: plumb_bob
distortion_coefficients:
  rows: 1
  cols: 8
  data: [-0.142726, 0.134853, 0.005047, 0.001075, -0.667654, 0.177471, 0.092414, -0.834471]
rectification_matrix:
  rows: 3
  cols: 3
  data: [0.999324, 0.003578, -0.036600, -0.003370, 0.999978, 0.005735, 0.036620, -0.005608, 0.999314]
projection_matrix:
  rows: 3
  cols: 4
  data: [2988.985957, 0, 653.916103, -358.095908, 0, 2988.985957, -362.665041, 0, 0, 0, 1, 0]
