image_width: 640
image_height: 480
camera_name: 00b09d0100bb87d5_left
camera_matrix:
  rows: 3
  cols: 3
  data: [454.96056245212253, 0.0, 316.53448413484614, 0.0, 453.4946066721308, 230.05092792557966, 0.0, 0.0, 1.0]
distortion_model: rational_polynomial
distortion_coefficients:
  rows: 1
  cols: 8
  data: [-0.09627126612577362, 0.29183042822635924, -0.0015634704176225387, 0.004095279756626719, 0.1401561810501082, 0.2714095277847799, 0.09784440666232802, 0.35481415235291425]
rectification_matrix:
  rows: 3
  cols: 3
  data: [0.9997100816772674, 0.003994379520028938, -0.02374442092537614, -0.004144578173570277, 0.9999716929126089, -0.006279796593380383, 0.023718664899075405, 0.0063763865739963075, 0.9996983378147952]
projection_matrix:
  rows: 3
  cols: 4
  data: [433.72538033056054, 0.0, 348.10570526123047, 0.0, 0.0, 433.72538033056054, 214.30324172973633, 0.0, 0.0, 0.0, 1.0, 0.0]
