image_width: 640
image_height: 480
camera_name: 00b09d0100bb87d5_right
camera_matrix:
  rows: 3
  cols: 3
  data: [464.526646, 0, 327.495118, 0, 463.313735, 256.281505, 0, 0, 1]
distortion_model: plumb_bob
distortion_coefficients:
  rows: 1
  cols: 5
  data: [-0.305755, 0.119546, 0.005612, 0.000968, 0]
rectification_matrix:
  rows: 3
  cols: 3
  data: [0.999501, 0.006568, 0.030891, -0.006567, 0.999978, -0.000144, -0.030892, -0.000059, 0.999523]
projection_matrix:
  rows: 3
  cols: 4
  data: [437.547527, 0.000000, 306.932983, -52.671136, 0.000000, 437.547527, 261.627625, 0.000000, 0.000000, 0.000000, 1.000000, 0.000000]
