# oST version 5.0 parameters


[image]

width
640

height
480

[narrow_stereo/left]

camera matrix
453.330202 0.000000 318.520572
0.000000 452.930465 252.495934
0.000000 0.000000 1.000000

distortion
0.017369 1.885322 0.005390 0.002453 -0.582204 0.343686 1.851634 -0.182248

rectification
0.999406 0.008369 -0.033438
-0.008559 0.999948 -0.005530
0.033390 0.005813 0.999425

projection
2988.985957 0.000000 653.916103 0.000000
0.000000 2988.985957 -362.665041 0.000000
0.000000 0.000000 1.000000 0.000000

# oST version 5.0 parameters


[image]

width
640

height
480

[narrow_stereo/right]

camera matrix
455.933792 0.000000 321.619741
0.000000 454.701094 253.185378
0.000000 0.000000 1.000000

distortion
-0.142726 0.134853 0.005047 0.001075 -0.667654 0.177471 0.092414 -0.834471

rectification
0.999324 0.003578 -0.036600
-0.003370 0.999978 0.005735
0.036620 -0.005608 0.999314

projection
2988.985957 0.000000 653.916103 -358.095908
0.000000 2988.985957 -362.665041 0.000000
0.000000 0.000000 1.000000 0.000000

